000 0
010 0
020 0
031 0
041 0
051 0
062 0
072 0
082 0
100 0
110 0
120 0
131 0
141 0
151 0
162 0
172 0
182 0
200 0
210 0
220 0
231 0
241 0
251 0
262 0
272 0
282 0
303 0
313 0
323 0
334 0
344 0
354 0
365 0
375 0
385 0
403 0
413 0
423 0
434 0
444 0
454 0
465 0
475 0
485 0
503 0
513 0
523 0
534 0
544 0
554 0
565 0
575 0
585 0
606 0
616 0
626 0
637 0
647 0
657 0
668 0
678 0
688 0
706 0
716 0
726 0	
737 0
747 0
757 0
768 0
778 0
788 0
806 0
816 0
826 0
837 0
847 0
857 0
868 0
878 0
888 0