000 0
010 8
020 0
031 0
041 5
051 6
062 0
072 1
082 0
100 9
110 0
120 4
131 0
141 3
151 0
162 0
172 0
182 0
200 0
210 0
220 7
231 0
241 0
251 0
262 0
272 2
282 0
303 0
313 6
323 5
334 7
344 0
354 0
365 0
375 0
385 0
403 0
413 0
423 0
434 0
444 1
454 0
465 0
475 9
485 2
503 0
513 0
523 0
534 0
544 8
554 0
565 4
575 5
585 7
606 4
616 0
626 0
637 0
647 0
657 0
668 2
678 7
688 0
706 0
716 2
726 6	
737 0
747 0
757 0
768 0
778 4
788 5
806 5
816 0
826 9
837 0
847 0
857 0
868 1
878 8
888 0