000 5
010 0
020 6
031 3
041 0
051 0
062 0
072 0
082 4
100 0
110 0
120 0
131 0
141 0
151 0
162 5
172 0
182 0
200 8
210 7
220 0
231 2
241 0
251 0
262 0
272 0
282 3
303 0
313 0
323 9
334 0
344 0
354 0
365 7
375 2
385 0
403 7
413 0
423 0
434 0
444 0
454 0
465 0
475 0
485 6
503 0
513 2
523 3
534 0
544 0
554 0
565 9
575 0
585 0
606 6
616 0
626 0
637 0
647 0
657 7
668 0
678 4
688 9
706 0
716 0
726 0
737 5
747 0
757 0
768 0
778 0
788 0
806 3
816 0
826 0
837 1
847 0
857 6
868 8
878 0
888 5