000 0
010 7
020 0
031 0
041 0
051 0
062 0
072 4
082 5
100 0
110 1
120 5
131 9
141 4
151 0
162 7
172 3
182 0
200 3
210 0
220 0
231 0
241 0
251 0
262 8
272 0
282 0
303 8
313 0
323 0
334 3
344 0
354 0
365 0
375 0
385 4
403 6
413 0
423 1
434 0
444 9
454 2
465 0
475 8
485 7
503 0
513 3
523 2
534 0
544 0
554 0
565 0
575 5
585 0
606 1
616 0
626 0
637 0
647 6
657 0
668 2
678 7
688 0
706 0
716 0
726 0
737 0
747 1
757 0
768 0
778 0
788 0
806 3
816 0
826 0
837 1
847 0
857 3
868 0
878 6
888 0