000 0
010 0
020 1
031 4
041 6
051 0
062 0
072 8
082 0
100 0
110 0
120 0
131 0
141 0
151 0
162 0
172 0
182 4
200 0
210 0
220 4
231 7
241 0
251 0
262 0
272 2
282 0
303 0
313 0
323 0
334 8
344 0
354 9
365 0
375 0
385 0
403 0
413 0
423 0
434 0
444 0
454 0
465 0
475 0
485 8
503 0
513 0
523 8
534 2
544 0
554 3
565 7
575 6
585 0
606 2
616 0
626 9
637 3
647 0
657 0
668 8
678 0
688 0
706 0
716 0
726 0	
737 9
747 2
757 0
768 0
778 0
788 0
806 0
816 0
826 0
837 0
847 8
857 0
868 0
878 0
888 9